ident
line
0.0 1.0 0.0 0.0 1.0 0.0
line
0.0 1.0 0.0 0.3090169943749474 0.9510565162951535 0.0
line
0.0 1.0 0.0 0.0 1.0 0.0
line
0.0 1.0 0.0 0.2938926261462365 0.9510565162951535 0.09549150281252627
line
0.0 1.0 0.0 0.0 1.0 0.0
line
0.0 1.0 0.0 0.24999999999999997 0.9510565162951535 0.1816356320013402
line
0.0 1.0 0.0 0.0 1.0 0.0
line
0.0 1.0 0.0 0.1816356320013402 0.9510565162951535 0.24999999999999997
line
0.0 1.0 0.0 0.0 1.0 0.0
line
0.0 1.0 0.0 0.09549150281252629 0.9510565162951535 0.2938926261462365
line
0.0 1.0 0.0 -0.0 1.0 0.0
line
0.0 1.0 0.0 1.892183365217075e-17 0.9510565162951535 0.3090169943749474
line
-0.0 1.0 0.0 -0.0 1.0 0.0
line
-0.0 1.0 0.0 -0.09549150281252625 0.9510565162951535 0.29389262614623657
line
-0.0 1.0 0.0 -0.0 1.0 0.0
line
-0.0 1.0 0.0 -0.18163563200134017 0.9510565162951535 0.24999999999999997
line
-0.0 1.0 0.0 -0.0 1.0 0.0
line
-0.0 1.0 0.0 -0.24999999999999994 0.9510565162951535 0.18163563200134025
line
-0.0 1.0 0.0 -0.0 1.0 0.0
line
-0.0 1.0 0.0 -0.2938926261462365 0.9510565162951535 0.0954915028125263
line
-0.0 1.0 0.0 -0.0 1.0 -0.0
line
-0.0 1.0 0.0 -0.3090169943749474 0.9510565162951535 3.78436673043415e-17
line
-0.0 1.0 -0.0 -0.0 1.0 -0.0
line
-0.0 1.0 -0.0 -0.2938926261462365 0.9510565162951535 -0.09549150281252637
line
-0.0 1.0 -0.0 -0.0 1.0 -0.0
line
-0.0 1.0 -0.0 -0.25 0.9510565162951535 -0.18163563200134017
line
-0.0 1.0 -0.0 -0.0 1.0 -0.0
line
-0.0 1.0 -0.0 -0.18163563200134025 0.9510565162951535 -0.24999999999999994
line
-0.0 1.0 -0.0 -0.0 1.0 -0.0
line
-0.0 1.0 -0.0 -0.09549150281252632 0.9510565162951535 -0.2938926261462365
line
-0.0 1.0 -0.0 0.0 1.0 -0.0
line
-0.0 1.0 -0.0 -5.676550095651224e-17 0.9510565162951535 -0.3090169943749474
line
0.0 1.0 -0.0 0.0 1.0 -0.0
line
0.0 1.0 -0.0 0.09549150281252622 0.9510565162951535 -0.29389262614623657
line
0.0 1.0 -0.0 0.0 1.0 -0.0
line
0.0 1.0 -0.0 0.18163563200134014 0.9510565162951535 -0.25
line
0.0 1.0 -0.0 0.0 1.0 -0.0
line
0.0 1.0 -0.0 0.24999999999999994 0.9510565162951535 -0.18163563200134028
line
0.0 1.0 -0.0 0.0 1.0 -0.0
line
0.0 1.0 -0.0 0.2938926261462365 0.9510565162951535 -0.09549150281252634
line
0.3090169943749474 0.9510565162951535 0.0 0.2938926261462365 0.9510565162951535 0.09549150281252627
line
0.3090169943749474 0.9510565162951535 0.0 0.5877852522924731 0.8090169943749475 0.0
line
0.2938926261462365 0.9510565162951535 0.09549150281252627 0.24999999999999997 0.9510565162951535 0.1816356320013402
line
0.2938926261462365 0.9510565162951535 0.09549150281252627 0.5590169943749475 0.8090169943749475 0.1816356320013402
line
0.24999999999999997 0.9510565162951535 0.1816356320013402 0.1816356320013402 0.9510565162951535 0.24999999999999997
line
0.24999999999999997 0.9510565162951535 0.1816356320013402 0.4755282581475768 0.8090169943749475 0.3454915028125263
line
0.1816356320013402 0.9510565162951535 0.24999999999999997 0.09549150281252629 0.9510565162951535 0.2938926261462365
line
0.1816356320013402 0.9510565162951535 0.24999999999999997 0.3454915028125263 0.8090169943749475 0.4755282581475768
line
0.09549150281252629 0.9510565162951535 0.2938926261462365 1.892183365217075e-17 0.9510565162951535 0.3090169943749474
line
0.09549150281252629 0.9510565162951535 0.2938926261462365 0.18163563200134025 0.8090169943749475 0.5590169943749475
line
1.892183365217075e-17 0.9510565162951535 0.3090169943749474 -0.09549150281252625 0.9510565162951535 0.29389262614623657
line
1.892183365217075e-17 0.9510565162951535 0.3090169943749474 3.599146639029983e-17 0.8090169943749475 0.5877852522924731
line
-0.09549150281252625 0.9510565162951535 0.29389262614623657 -0.18163563200134017 0.9510565162951535 0.24999999999999997
line
-0.09549150281252625 0.9510565162951535 0.29389262614623657 -0.18163563200134017 0.8090169943749475 0.5590169943749475
line
-0.18163563200134017 0.9510565162951535 0.24999999999999997 -0.24999999999999994 0.9510565162951535 0.18163563200134025
line
-0.18163563200134017 0.9510565162951535 0.24999999999999997 -0.3454915028125262 0.8090169943749475 0.4755282581475768
line
-0.24999999999999994 0.9510565162951535 0.18163563200134025 -0.2938926261462365 0.9510565162951535 0.0954915028125263
line
-0.24999999999999994 0.9510565162951535 0.18163563200134025 -0.47552825814757677 0.8090169943749475 0.3454915028125264
line
-0.2938926261462365 0.9510565162951535 0.0954915028125263 -0.3090169943749474 0.9510565162951535 3.78436673043415e-17
line
-0.2938926261462365 0.9510565162951535 0.0954915028125263 -0.5590169943749475 0.8090169943749475 0.18163563200134028
line
-0.3090169943749474 0.9510565162951535 3.78436673043415e-17 -0.2938926261462365 0.9510565162951535 -0.09549150281252637
line
-0.3090169943749474 0.9510565162951535 3.78436673043415e-17 -0.5877852522924731 0.8090169943749475 7.198293278059966e-17
line
-0.2938926261462365 0.9510565162951535 -0.09549150281252637 -0.25 0.9510565162951535 -0.18163563200134017
line
-0.2938926261462365 0.9510565162951535 -0.09549150281252637 -0.5590169943749475 0.8090169943749475 -0.1816356320013404
line
-0.25 0.9510565162951535 -0.18163563200134017 -0.18163563200134025 0.9510565162951535 -0.24999999999999994
line
-0.25 0.9510565162951535 -0.18163563200134017 -0.4755282581475769 0.8090169943749475 -0.3454915028125262
line
-0.18163563200134025 0.9510565162951535 -0.24999999999999994 -0.09549150281252632 0.9510565162951535 -0.2938926261462365
line
-0.18163563200134025 0.9510565162951535 -0.24999999999999994 -0.3454915028125264 0.8090169943749475 -0.47552825814757677
line
-0.09549150281252632 0.9510565162951535 -0.2938926261462365 -5.676550095651224e-17 0.9510565162951535 -0.3090169943749474
line
-0.09549150281252632 0.9510565162951535 -0.2938926261462365 -0.1816356320013403 0.8090169943749475 -0.5590169943749475
line
-5.676550095651224e-17 0.9510565162951535 -0.3090169943749474 0.09549150281252622 0.9510565162951535 -0.29389262614623657
line
-5.676550095651224e-17 0.9510565162951535 -0.3090169943749474 -1.079743991708995e-16 0.8090169943749475 -0.5877852522924731
line
0.09549150281252622 0.9510565162951535 -0.29389262614623657 0.18163563200134014 0.9510565162951535 -0.25
line
0.09549150281252622 0.9510565162951535 -0.29389262614623657 0.1816356320013401 0.8090169943749475 -0.5590169943749475
line
0.18163563200134014 0.9510565162951535 -0.25 0.24999999999999994 0.9510565162951535 -0.18163563200134028
line
0.18163563200134014 0.9510565162951535 -0.25 0.34549150281252616 0.8090169943749475 -0.4755282581475769
line
0.24999999999999994 0.9510565162951535 -0.18163563200134028 0.2938926261462365 0.9510565162951535 -0.09549150281252634
line
0.24999999999999994 0.9510565162951535 -0.18163563200134028 0.47552825814757677 0.8090169943749475 -0.34549150281252644
line
0.2938926261462365 0.9510565162951535 -0.09549150281252634 0.3090169943749474 0.9510565162951535 -7.5687334608683e-17
line
0.2938926261462365 0.9510565162951535 -0.09549150281252634 0.5590169943749475 0.8090169943749475 -0.18163563200134034
line
0.5877852522924731 0.8090169943749475 0.0 0.5590169943749475 0.8090169943749475 0.1816356320013402
line
0.5877852522924731 0.8090169943749475 0.0 0.8090169943749475 0.5877852522924731 0.0
line
0.5590169943749475 0.8090169943749475 0.1816356320013402 0.4755282581475768 0.8090169943749475 0.3454915028125263
line
0.5590169943749475 0.8090169943749475 0.1816356320013402 0.7694208842938134 0.5877852522924731 0.24999999999999997
line
0.4755282581475768 0.8090169943749475 0.3454915028125263 0.3454915028125263 0.8090169943749475 0.4755282581475768
line
0.4755282581475768 0.8090169943749475 0.3454915028125263 0.6545084971874737 0.5877852522924731 0.4755282581475768
line
0.3454915028125263 0.8090169943749475 0.4755282581475768 0.18163563200134025 0.8090169943749475 0.5590169943749475
line
0.3454915028125263 0.8090169943749475 0.4755282581475768 0.4755282581475768 0.5877852522924731 0.6545084971874737
line
0.18163563200134025 0.8090169943749475 0.5590169943749475 3.599146639029983e-17 0.8090169943749475 0.5877852522924731
line
0.18163563200134025 0.8090169943749475 0.5590169943749475 0.25000000000000006 0.5877852522924731 0.7694208842938134
line
3.599146639029983e-17 0.8090169943749475 0.5877852522924731 -0.18163563200134017 0.8090169943749475 0.5590169943749475
line
3.599146639029983e-17 0.8090169943749475 0.5877852522924731 4.953800363085458e-17 0.5877852522924731 0.8090169943749475
line
-0.18163563200134017 0.8090169943749475 0.5590169943749475 -0.3454915028125262 0.8090169943749475 0.4755282581475768
line
-0.18163563200134017 0.8090169943749475 0.5590169943749475 -0.24999999999999994 0.5877852522924731 0.7694208842938134
line
-0.3454915028125262 0.8090169943749475 0.4755282581475768 -0.47552825814757677 0.8090169943749475 0.3454915028125264
line
-0.3454915028125262 0.8090169943749475 0.4755282581475768 -0.4755282581475767 0.5877852522924731 0.6545084971874737
line
-0.47552825814757677 0.8090169943749475 0.3454915028125264 -0.5590169943749475 0.8090169943749475 0.18163563200134028
line
-0.47552825814757677 0.8090169943749475 0.3454915028125264 -0.6545084971874736 0.5877852522924731 0.4755282581475769
line
-0.5590169943749475 0.8090169943749475 0.18163563200134028 -0.5877852522924731 0.8090169943749475 7.198293278059966e-17
line
-0.5590169943749475 0.8090169943749475 0.18163563200134028 -0.7694208842938134 0.5877852522924731 0.25000000000000006
line
-0.5877852522924731 0.8090169943749475 7.198293278059966e-17 -0.5590169943749475 0.8090169943749475 -0.1816356320013404
line
-0.5877852522924731 0.8090169943749475 7.198293278059966e-17 -0.8090169943749475 0.5877852522924731 9.907600726170916e-17
line
-0.5590169943749475 0.8090169943749475 -0.1816356320013404 -0.4755282581475769 0.8090169943749475 -0.3454915028125262
line
-0.5590169943749475 0.8090169943749475 -0.1816356320013404 -0.7694208842938134 0.5877852522924731 -0.2500000000000003
line
-0.4755282581475769 0.8090169943749475 -0.3454915028125262 -0.3454915028125264 0.8090169943749475 -0.47552825814757677
line
-0.4755282581475769 0.8090169943749475 -0.3454915028125262 -0.6545084971874738 0.5877852522924731 -0.4755282581475767
line
-0.3454915028125264 0.8090169943749475 -0.47552825814757677 -0.1816356320013403 0.8090169943749475 -0.5590169943749475
line
-0.3454915028125264 0.8090169943749475 -0.47552825814757677 -0.4755282581475769 0.5877852522924731 -0.6545084971874736
line
-0.1816356320013403 0.8090169943749475 -0.5590169943749475 -1.079743991708995e-16 0.8090169943749475 -0.5877852522924731
line
-0.1816356320013403 0.8090169943749475 -0.5590169943749475 -0.2500000000000001 0.5877852522924731 -0.7694208842938134
line
-1.079743991708995e-16 0.8090169943749475 -0.5877852522924731 0.1816356320013401 0.8090169943749475 -0.5590169943749475
line
-1.079743991708995e-16 0.8090169943749475 -0.5877852522924731 -1.4861401089256373e-16 0.5877852522924731 -0.8090169943749475
line
0.1816356320013401 0.8090169943749475 -0.5590169943749475 0.34549150281252616 0.8090169943749475 -0.4755282581475769
line
0.1816356320013401 0.8090169943749475 -0.5590169943749475 0.24999999999999986 0.5877852522924731 -0.7694208842938134
line
0.34549150281252616 0.8090169943749475 -0.4755282581475769 0.47552825814757677 0.8090169943749475 -0.34549150281252644
line
0.34549150281252616 0.8090169943749475 -0.4755282581475769 0.47552825814757665 0.5877852522924731 -0.6545084971874738
line
0.47552825814757677 0.8090169943749475 -0.34549150281252644 0.5590169943749475 0.8090169943749475 -0.18163563200134034
line
0.47552825814757677 0.8090169943749475 -0.34549150281252644 0.6545084971874736 0.5877852522924731 -0.475528258147577
line
0.5590169943749475 0.8090169943749475 -0.18163563200134034 0.5877852522924731 0.8090169943749475 -1.4396586556119933e-16
line
0.5590169943749475 0.8090169943749475 -0.18163563200134034 0.7694208842938134 0.5877852522924731 -0.25000000000000017
line
0.8090169943749475 0.5877852522924731 0.0 0.7694208842938134 0.5877852522924731 0.24999999999999997
line
0.8090169943749475 0.5877852522924731 0.0 0.9510565162951535 0.30901699437494745 0.0
line
0.7694208842938134 0.5877852522924731 0.24999999999999997 0.6545084971874737 0.5877852522924731 0.4755282581475768
line
0.7694208842938134 0.5877852522924731 0.24999999999999997 0.9045084971874736 0.30901699437494745 0.2938926261462365
line
0.6545084971874737 0.5877852522924731 0.4755282581475768 0.4755282581475768 0.5877852522924731 0.6545084971874737
line
0.6545084971874737 0.5877852522924731 0.4755282581475768 0.7694208842938134 0.30901699437494745 0.5590169943749475
line
0.4755282581475768 0.5877852522924731 0.6545084971874737 0.25000000000000006 0.5877852522924731 0.7694208842938134
line
0.4755282581475768 0.5877852522924731 0.6545084971874737 0.5590169943749475 0.30901699437494745 0.7694208842938134
line
0.25000000000000006 0.5877852522924731 0.7694208842938134 4.953800363085458e-17 0.5877852522924731 0.8090169943749475
line
0.25000000000000006 0.5877852522924731 0.7694208842938134 0.29389262614623657 0.30901699437494745 0.9045084971874736
line
4.953800363085458e-17 0.5877852522924731 0.8090169943749475 -0.24999999999999994 0.5877852522924731 0.7694208842938134
line
4.953800363085458e-17 0.5877852522924731 0.8090169943749475 5.823541592445462e-17 0.30901699437494745 0.9510565162951535
line
-0.24999999999999994 0.5877852522924731 0.7694208842938134 -0.4755282581475767 0.5877852522924731 0.6545084971874737
line
-0.24999999999999994 0.5877852522924731 0.7694208842938134 -0.29389262614623646 0.30901699437494745 0.9045084971874737
line
-0.4755282581475767 0.5877852522924731 0.6545084971874737 -0.6545084971874736 0.5877852522924731 0.4755282581475769
line
-0.4755282581475767 0.5877852522924731 0.6545084971874737 -0.5590169943749473 0.30901699437494745 0.7694208842938134
line
-0.6545084971874736 0.5877852522924731 0.4755282581475769 -0.7694208842938134 0.5877852522924731 0.25000000000000006
line
-0.6545084971874736 0.5877852522924731 0.4755282581475769 -0.7694208842938133 0.30901699437494745 0.5590169943749476
line
-0.7694208842938134 0.5877852522924731 0.25000000000000006 -0.8090169943749475 0.5877852522924731 9.907600726170916e-17
line
-0.7694208842938134 0.5877852522924731 0.25000000000000006 -0.9045084971874736 0.30901699437494745 0.2938926261462366
line
-0.8090169943749475 0.5877852522924731 9.907600726170916e-17 -0.7694208842938134 0.5877852522924731 -0.2500000000000003
line
-0.8090169943749475 0.5877852522924731 9.907600726170916e-17 -0.9510565162951535 0.30901699437494745 1.1647083184890923e-16
line
-0.7694208842938134 0.5877852522924731 -0.2500000000000003 -0.6545084971874738 0.5877852522924731 -0.4755282581475767
line
-0.7694208842938134 0.5877852522924731 -0.2500000000000003 -0.9045084971874736 0.30901699437494745 -0.29389262614623685
line
-0.6545084971874738 0.5877852522924731 -0.4755282581475767 -0.4755282581475769 0.5877852522924731 -0.6545084971874736
line
-0.6545084971874738 0.5877852522924731 -0.4755282581475767 -0.7694208842938135 0.30901699437494745 -0.5590169943749473
line
-0.4755282581475769 0.5877852522924731 -0.6545084971874736 -0.2500000000000001 0.5877852522924731 -0.7694208842938134
line
-0.4755282581475769 0.5877852522924731 -0.6545084971874736 -0.5590169943749476 0.30901699437494745 -0.7694208842938133
line
-0.2500000000000001 0.5877852522924731 -0.7694208842938134 -1.4861401089256373e-16 0.5877852522924731 -0.8090169943749475
line
-0.2500000000000001 0.5877852522924731 -0.7694208842938134 -0.2938926261462367 0.30901699437494745 -0.9045084971874736
line
-1.4861401089256373e-16 0.5877852522924731 -0.8090169943749475 0.24999999999999986 0.5877852522924731 -0.7694208842938134
line
-1.4861401089256373e-16 0.5877852522924731 -0.8090169943749475 -1.7470624777336384e-16 0.30901699437494745 -0.9510565162951535
line
0.24999999999999986 0.5877852522924731 -0.7694208842938134 0.47552825814757665 0.5877852522924731 -0.6545084971874738
line
0.24999999999999986 0.5877852522924731 -0.7694208842938134 0.29389262614623635 0.30901699437494745 -0.9045084971874737
line
0.47552825814757665 0.5877852522924731 -0.6545084971874738 0.6545084971874736 0.5877852522924731 -0.475528258147577
line
0.47552825814757665 0.5877852522924731 -0.6545084971874738 0.5590169943749472 0.30901699437494745 -0.7694208842938135
line
0.6545084971874736 0.5877852522924731 -0.475528258147577 0.7694208842938134 0.5877852522924731 -0.25000000000000017
line
0.6545084971874736 0.5877852522924731 -0.475528258147577 0.7694208842938133 0.30901699437494745 -0.5590169943749477
line
0.7694208842938134 0.5877852522924731 -0.25000000000000017 0.8090169943749475 0.5877852522924731 -1.9815201452341832e-16
line
0.7694208842938134 0.5877852522924731 -0.25000000000000017 0.9045084971874736 0.30901699437494745 -0.29389262614623674
line
0.9510565162951535 0.30901699437494745 0.0 0.9045084971874736 0.30901699437494745 0.2938926261462365
line
0.9510565162951535 0.30901699437494745 0.0 1.0 6.123233995736766e-17 0.0
line
0.9045084971874736 0.30901699437494745 0.2938926261462365 0.7694208842938134 0.30901699437494745 0.5590169943749475
line
0.9045084971874736 0.30901699437494745 0.2938926261462365 0.9510565162951535 6.123233995736766e-17 0.3090169943749474
line
0.7694208842938134 0.30901699437494745 0.5590169943749475 0.5590169943749475 0.30901699437494745 0.7694208842938134
line
0.7694208842938134 0.30901699437494745 0.5590169943749475 0.8090169943749475 6.123233995736766e-17 0.5877852522924731
line
0.5590169943749475 0.30901699437494745 0.7694208842938134 0.29389262614623657 0.30901699437494745 0.9045084971874736
line
0.5590169943749475 0.30901699437494745 0.7694208842938134 0.5877852522924731 6.123233995736766e-17 0.8090169943749475
line
0.29389262614623657 0.30901699437494745 0.9045084971874736 5.823541592445462e-17 0.30901699437494745 0.9510565162951535
line
0.29389262614623657 0.30901699437494745 0.9045084971874736 0.30901699437494745 6.123233995736766e-17 0.9510565162951535
line
5.823541592445462e-17 0.30901699437494745 0.9510565162951535 -0.29389262614623646 0.30901699437494745 0.9045084971874737
line
5.823541592445462e-17 0.30901699437494745 0.9510565162951535 6.123233995736766e-17 6.123233995736766e-17 1.0
line
-0.29389262614623646 0.30901699437494745 0.9045084971874737 -0.5590169943749473 0.30901699437494745 0.7694208842938134
line
-0.29389262614623646 0.30901699437494745 0.9045084971874737 -0.30901699437494734 6.123233995736766e-17 0.9510565162951536
line
-0.5590169943749473 0.30901699437494745 0.7694208842938134 -0.7694208842938133 0.30901699437494745 0.5590169943749476
line
-0.5590169943749473 0.30901699437494745 0.7694208842938134 -0.587785252292473 6.123233995736766e-17 0.8090169943749475
line
-0.7694208842938133 0.30901699437494745 0.5590169943749476 -0.9045084971874736 0.30901699437494745 0.2938926261462366
line
-0.7694208842938133 0.30901699437494745 0.5590169943749476 -0.8090169943749473 6.123233995736766e-17 0.5877852522924732
line
-0.9045084971874736 0.30901699437494745 0.2938926261462366 -0.9510565162951535 0.30901699437494745 1.1647083184890923e-16
line
-0.9045084971874736 0.30901699437494745 0.2938926261462366 -0.9510565162951535 6.123233995736766e-17 0.3090169943749475
line
-0.9510565162951535 0.30901699437494745 1.1647083184890923e-16 -0.9045084971874736 0.30901699437494745 -0.29389262614623685
line
-0.9510565162951535 0.30901699437494745 1.1647083184890923e-16 -1.0 6.123233995736766e-17 1.2246467991473532e-16
line
-0.9045084971874736 0.30901699437494745 -0.29389262614623685 -0.7694208842938135 0.30901699437494745 -0.5590169943749473
line
-0.9045084971874736 0.30901699437494745 -0.29389262614623685 -0.9510565162951535 6.123233995736766e-17 -0.30901699437494773
line
-0.7694208842938135 0.30901699437494745 -0.5590169943749473 -0.5590169943749476 0.30901699437494745 -0.7694208842938133
line
-0.7694208842938135 0.30901699437494745 -0.5590169943749473 -0.8090169943749476 6.123233995736766e-17 -0.587785252292473
line
-0.5590169943749476 0.30901699437494745 -0.7694208842938133 -0.2938926261462367 0.30901699437494745 -0.9045084971874736
line
-0.5590169943749476 0.30901699437494745 -0.7694208842938133 -0.5877852522924732 6.123233995736766e-17 -0.8090169943749473
line
-0.2938926261462367 0.30901699437494745 -0.9045084971874736 -1.7470624777336384e-16 0.30901699437494745 -0.9510565162951535
line
-0.2938926261462367 0.30901699437494745 -0.9045084971874736 -0.30901699437494756 6.123233995736766e-17 -0.9510565162951535
line
-1.7470624777336384e-16 0.30901699437494745 -0.9510565162951535 0.29389262614623635 0.30901699437494745 -0.9045084971874737
line
-1.7470624777336384e-16 0.30901699437494745 -0.9510565162951535 -1.8369701987210297e-16 6.123233995736766e-17 -1.0
line
0.29389262614623635 0.30901699437494745 -0.9045084971874737 0.5590169943749472 0.30901699437494745 -0.7694208842938135
line
0.29389262614623635 0.30901699437494745 -0.9045084971874737 0.30901699437494723 6.123233995736766e-17 -0.9510565162951536
line
0.5590169943749472 0.30901699437494745 -0.7694208842938135 0.7694208842938133 0.30901699437494745 -0.5590169943749477
line
0.5590169943749472 0.30901699437494745 -0.7694208842938135 0.5877852522924729 6.123233995736766e-17 -0.8090169943749476
line
0.7694208842938133 0.30901699437494745 -0.5590169943749477 0.9045084971874736 0.30901699437494745 -0.29389262614623674
line
0.7694208842938133 0.30901699437494745 -0.5590169943749477 0.8090169943749473 6.123233995736766e-17 -0.5877852522924734
line
0.9045084971874736 0.30901699437494745 -0.29389262614623674 0.9510565162951535 0.30901699437494745 -2.3294166369781847e-16
line
0.9045084971874736 0.30901699437494745 -0.29389262614623674 0.9510565162951535 6.123233995736766e-17 -0.3090169943749476
line
1.0 6.123233995736766e-17 0.0 0.9510565162951535 6.123233995736766e-17 0.3090169943749474
line
1.0 6.123233995736766e-17 0.0 0.9510565162951536 -0.30901699437494734 0.0
line
0.9510565162951535 6.123233995736766e-17 0.3090169943749474 0.8090169943749475 6.123233995736766e-17 0.5877852522924731
line
0.9510565162951535 6.123233995736766e-17 0.3090169943749474 0.9045084971874737 -0.30901699437494734 0.29389262614623657
line
0.8090169943749475 6.123233995736766e-17 0.5877852522924731 0.5877852522924731 6.123233995736766e-17 0.8090169943749475
line
0.8090169943749475 6.123233995736766e-17 0.5877852522924731 0.7694208842938134 -0.30901699437494734 0.5590169943749475
line
0.5877852522924731 6.123233995736766e-17 0.8090169943749475 0.30901699437494745 6.123233995736766e-17 0.9510565162951535
line
0.5877852522924731 6.123233995736766e-17 0.8090169943749475 0.5590169943749475 -0.30901699437494734 0.7694208842938134
line
0.30901699437494745 6.123233995736766e-17 0.9510565162951535 6.123233995736766e-17 6.123233995736766e-17 1.0
line
0.30901699437494745 6.123233995736766e-17 0.9510565162951535 0.2938926261462366 -0.30901699437494734 0.9045084971874737
line
6.123233995736766e-17 6.123233995736766e-17 1.0 -0.30901699437494734 6.123233995736766e-17 0.9510565162951536
line
6.123233995736766e-17 6.123233995736766e-17 1.0 5.823541592445463e-17 -0.30901699437494734 0.9510565162951536
line
-0.30901699437494734 6.123233995736766e-17 0.9510565162951536 -0.587785252292473 6.123233995736766e-17 0.8090169943749475
line
-0.30901699437494734 6.123233995736766e-17 0.9510565162951536 -0.2938926261462365 -0.30901699437494734 0.9045084971874738
line
-0.587785252292473 6.123233995736766e-17 0.8090169943749475 -0.8090169943749473 6.123233995736766e-17 0.5877852522924732
line
-0.587785252292473 6.123233995736766e-17 0.8090169943749475 -0.5590169943749473 -0.30901699437494734 0.7694208842938134
line
-0.8090169943749473 6.123233995736766e-17 0.5877852522924732 -0.9510565162951535 6.123233995736766e-17 0.3090169943749475
line
-0.8090169943749473 6.123233995736766e-17 0.5877852522924732 -0.7694208842938133 -0.30901699437494734 0.5590169943749476
line
-0.9510565162951535 6.123233995736766e-17 0.3090169943749475 -1.0 6.123233995736766e-17 1.2246467991473532e-16
line
-0.9510565162951535 6.123233995736766e-17 0.3090169943749475 -0.9045084971874737 -0.30901699437494734 0.2938926261462367
line
-1.0 6.123233995736766e-17 1.2246467991473532e-16 -0.9510565162951535 6.123233995736766e-17 -0.30901699437494773
line
-1.0 6.123233995736766e-17 1.2246467991473532e-16 -0.9510565162951536 -0.30901699437494734 1.1647083184890926e-16
line
-0.9510565162951535 6.123233995736766e-17 -0.30901699437494773 -0.8090169943749476 6.123233995736766e-17 -0.587785252292473
line
-0.9510565162951535 6.123233995736766e-17 -0.30901699437494773 -0.9045084971874737 -0.30901699437494734 -0.2938926261462369
line
-0.8090169943749476 6.123233995736766e-17 -0.587785252292473 -0.5877852522924732 6.123233995736766e-17 -0.8090169943749473
line
-0.8090169943749476 6.123233995736766e-17 -0.587785252292473 -0.7694208842938135 -0.30901699437494734 -0.5590169943749473
line
-0.5877852522924732 6.123233995736766e-17 -0.8090169943749473 -0.30901699437494756 6.123233995736766e-17 -0.9510565162951535
line
-0.5877852522924732 6.123233995736766e-17 -0.8090169943749473 -0.5590169943749476 -0.30901699437494734 -0.7694208842938133
line
-0.30901699437494756 6.123233995736766e-17 -0.9510565162951535 -1.8369701987210297e-16 6.123233995736766e-17 -1.0
line
-0.30901699437494756 6.123233995736766e-17 -0.9510565162951535 -0.29389262614623674 -0.30901699437494734 -0.9045084971874737
line
-1.8369701987210297e-16 6.123233995736766e-17 -1.0 0.30901699437494723 6.123233995736766e-17 -0.9510565162951536
line
-1.8369701987210297e-16 6.123233995736766e-17 -1.0 -1.7470624777336386e-16 -0.30901699437494734 -0.9510565162951536
line
0.30901699437494723 6.123233995736766e-17 -0.9510565162951536 0.5877852522924729 6.123233995736766e-17 -0.8090169943749476
line
0.30901699437494723 6.123233995736766e-17 -0.9510565162951536 0.2938926261462364 -0.30901699437494734 -0.9045084971874738
line
0.5877852522924729 6.123233995736766e-17 -0.8090169943749476 0.8090169943749473 6.123233995736766e-17 -0.5877852522924734
line
0.5877852522924729 6.123233995736766e-17 -0.8090169943749476 0.5590169943749472 -0.30901699437494734 -0.7694208842938135
line
0.8090169943749473 6.123233995736766e-17 -0.5877852522924734 0.9510565162951535 6.123233995736766e-17 -0.3090169943749476
line
0.8090169943749473 6.123233995736766e-17 -0.5877852522924734 0.7694208842938133 -0.30901699437494734 -0.5590169943749477
line
0.9510565162951535 6.123233995736766e-17 -0.3090169943749476 1.0 6.123233995736766e-17 -2.4492935982947064e-16
line
0.9510565162951535 6.123233995736766e-17 -0.3090169943749476 0.9045084971874737 -0.30901699437494734 -0.2938926261462368
line
0.9510565162951536 -0.30901699437494734 0.0 0.9045084971874737 -0.30901699437494734 0.29389262614623657
line
0.9510565162951536 -0.30901699437494734 0.0 0.8090169943749475 -0.587785252292473 0.0
line
0.9045084971874737 -0.30901699437494734 0.29389262614623657 0.7694208842938134 -0.30901699437494734 0.5590169943749475
line
0.9045084971874737 -0.30901699437494734 0.29389262614623657 0.7694208842938134 -0.587785252292473 0.24999999999999997
line
0.7694208842938134 -0.30901699437494734 0.5590169943749475 0.5590169943749475 -0.30901699437494734 0.7694208842938134
line
0.7694208842938134 -0.30901699437494734 0.5590169943749475 0.6545084971874737 -0.587785252292473 0.4755282581475768
line
0.5590169943749475 -0.30901699437494734 0.7694208842938134 0.2938926261462366 -0.30901699437494734 0.9045084971874737
line
0.5590169943749475 -0.30901699437494734 0.7694208842938134 0.4755282581475768 -0.587785252292473 0.6545084971874737
line
0.2938926261462366 -0.30901699437494734 0.9045084971874737 5.823541592445463e-17 -0.30901699437494734 0.9510565162951536
line
0.2938926261462366 -0.30901699437494734 0.9045084971874737 0.25000000000000006 -0.587785252292473 0.7694208842938134
line
5.823541592445463e-17 -0.30901699437494734 0.9510565162951536 -0.2938926261462365 -0.30901699437494734 0.9045084971874738
line
5.823541592445463e-17 -0.30901699437494734 0.9510565162951536 4.953800363085458e-17 -0.587785252292473 0.8090169943749475
line
-0.2938926261462365 -0.30901699437494734 0.9045084971874738 -0.5590169943749473 -0.30901699437494734 0.7694208842938134
line
-0.2938926261462365 -0.30901699437494734 0.9045084971874738 -0.24999999999999994 -0.587785252292473 0.7694208842938134
line
-0.5590169943749473 -0.30901699437494734 0.7694208842938134 -0.7694208842938133 -0.30901699437494734 0.5590169943749476
line
-0.5590169943749473 -0.30901699437494734 0.7694208842938134 -0.4755282581475767 -0.587785252292473 0.6545084971874737
line
-0.7694208842938133 -0.30901699437494734 0.5590169943749476 -0.9045084971874737 -0.30901699437494734 0.2938926261462367
line
-0.7694208842938133 -0.30901699437494734 0.5590169943749476 -0.6545084971874736 -0.587785252292473 0.4755282581475769
line
-0.9045084971874737 -0.30901699437494734 0.2938926261462367 -0.9510565162951536 -0.30901699437494734 1.1647083184890926e-16
line
-0.9045084971874737 -0.30901699437494734 0.2938926261462367 -0.7694208842938134 -0.587785252292473 0.25000000000000006
line
-0.9510565162951536 -0.30901699437494734 1.1647083184890926e-16 -0.9045084971874737 -0.30901699437494734 -0.2938926261462369
line
-0.9510565162951536 -0.30901699437494734 1.1647083184890926e-16 -0.8090169943749475 -0.587785252292473 9.907600726170916e-17
line
-0.9045084971874737 -0.30901699437494734 -0.2938926261462369 -0.7694208842938135 -0.30901699437494734 -0.5590169943749473
line
-0.9045084971874737 -0.30901699437494734 -0.2938926261462369 -0.7694208842938134 -0.587785252292473 -0.2500000000000003
line
-0.7694208842938135 -0.30901699437494734 -0.5590169943749473 -0.5590169943749476 -0.30901699437494734 -0.7694208842938133
line
-0.7694208842938135 -0.30901699437494734 -0.5590169943749473 -0.6545084971874738 -0.587785252292473 -0.4755282581475767
line
-0.5590169943749476 -0.30901699437494734 -0.7694208842938133 -0.29389262614623674 -0.30901699437494734 -0.9045084971874737
line
-0.5590169943749476 -0.30901699437494734 -0.7694208842938133 -0.4755282581475769 -0.587785252292473 -0.6545084971874736
line
-0.29389262614623674 -0.30901699437494734 -0.9045084971874737 -1.7470624777336386e-16 -0.30901699437494734 -0.9510565162951536
line
-0.29389262614623674 -0.30901699437494734 -0.9045084971874737 -0.2500000000000001 -0.587785252292473 -0.7694208842938134
line
-1.7470624777336386e-16 -0.30901699437494734 -0.9510565162951536 0.2938926261462364 -0.30901699437494734 -0.9045084971874738
line
-1.7470624777336386e-16 -0.30901699437494734 -0.9510565162951536 -1.4861401089256373e-16 -0.587785252292473 -0.8090169943749475
line
0.2938926261462364 -0.30901699437494734 -0.9045084971874738 0.5590169943749472 -0.30901699437494734 -0.7694208842938135
line
0.2938926261462364 -0.30901699437494734 -0.9045084971874738 0.24999999999999986 -0.587785252292473 -0.7694208842938134
line
0.5590169943749472 -0.30901699437494734 -0.7694208842938135 0.7694208842938133 -0.30901699437494734 -0.5590169943749477
line
0.5590169943749472 -0.30901699437494734 -0.7694208842938135 0.47552825814757665 -0.587785252292473 -0.6545084971874738
line
0.7694208842938133 -0.30901699437494734 -0.5590169943749477 0.9045084971874737 -0.30901699437494734 -0.2938926261462368
line
0.7694208842938133 -0.30901699437494734 -0.5590169943749477 0.6545084971874736 -0.587785252292473 -0.475528258147577
line
0.9045084971874737 -0.30901699437494734 -0.2938926261462368 0.9510565162951536 -0.30901699437494734 -2.329416636978185e-16
line
0.9045084971874737 -0.30901699437494734 -0.2938926261462368 0.7694208842938134 -0.587785252292473 -0.25000000000000017
line
0.8090169943749475 -0.587785252292473 0.0 0.7694208842938134 -0.587785252292473 0.24999999999999997
line
0.8090169943749475 -0.587785252292473 0.0 0.5877852522924732 -0.8090169943749473 0.0
line
0.7694208842938134 -0.587785252292473 0.24999999999999997 0.6545084971874737 -0.587785252292473 0.4755282581475768
line
0.7694208842938134 -0.587785252292473 0.24999999999999997 0.5590169943749476 -0.8090169943749473 0.18163563200134025
line
0.6545084971874737 -0.587785252292473 0.4755282581475768 0.4755282581475768 -0.587785252292473 0.6545084971874737
line
0.6545084971874737 -0.587785252292473 0.4755282581475768 0.4755282581475769 -0.8090169943749473 0.3454915028125264
line
0.4755282581475768 -0.587785252292473 0.6545084971874737 0.25000000000000006 -0.587785252292473 0.7694208842938134
line
0.4755282581475768 -0.587785252292473 0.6545084971874737 0.3454915028125264 -0.8090169943749473 0.4755282581475769
line
0.25000000000000006 -0.587785252292473 0.7694208842938134 4.953800363085458e-17 -0.587785252292473 0.8090169943749475
line
0.25000000000000006 -0.587785252292473 0.7694208842938134 0.18163563200134028 -0.8090169943749473 0.5590169943749476
line
4.953800363085458e-17 -0.587785252292473 0.8090169943749475 -0.24999999999999994 -0.587785252292473 0.7694208842938134
line
4.953800363085458e-17 -0.587785252292473 0.8090169943749475 3.599146639029984e-17 -0.8090169943749473 0.5877852522924732
line
-0.24999999999999994 -0.587785252292473 0.7694208842938134 -0.4755282581475767 -0.587785252292473 0.6545084971874737
line
-0.24999999999999994 -0.587785252292473 0.7694208842938134 -0.1816356320013402 -0.8090169943749473 0.5590169943749476
line
-0.4755282581475767 -0.587785252292473 0.6545084971874737 -0.6545084971874736 -0.587785252292473 0.4755282581475769
line
-0.4755282581475767 -0.587785252292473 0.6545084971874737 -0.3454915028125263 -0.8090169943749473 0.4755282581475769
line
-0.6545084971874736 -0.587785252292473 0.4755282581475769 -0.7694208842938134 -0.587785252292473 0.25000000000000006
line
-0.6545084971874736 -0.587785252292473 0.4755282581475769 -0.4755282581475768 -0.8090169943749473 0.34549150281252644
line
-0.7694208842938134 -0.587785252292473 0.25000000000000006 -0.8090169943749475 -0.587785252292473 9.907600726170916e-17
line
-0.7694208842938134 -0.587785252292473 0.25000000000000006 -0.5590169943749476 -0.8090169943749473 0.1816356320013403
line
-0.8090169943749475 -0.587785252292473 9.907600726170916e-17 -0.7694208842938134 -0.587785252292473 -0.2500000000000003
line
-0.8090169943749475 -0.587785252292473 9.907600726170916e-17 -0.5877852522924732 -0.8090169943749473 7.198293278059968e-17
line
-0.7694208842938134 -0.587785252292473 -0.2500000000000003 -0.6545084971874738 -0.587785252292473 -0.4755282581475767
line
-0.7694208842938134 -0.587785252292473 -0.2500000000000003 -0.5590169943749476 -0.8090169943749473 -0.18163563200134045
line
-0.6545084971874738 -0.587785252292473 -0.4755282581475767 -0.4755282581475769 -0.587785252292473 -0.6545084971874736
line
-0.6545084971874738 -0.587785252292473 -0.4755282581475767 -0.475528258147577 -0.8090169943749473 -0.3454915028125263
line
-0.4755282581475769 -0.587785252292473 -0.6545084971874736 -0.2500000000000001 -0.587785252292473 -0.7694208842938134
line
-0.4755282581475769 -0.587785252292473 -0.6545084971874736 -0.34549150281252644 -0.8090169943749473 -0.4755282581475768
line
-0.2500000000000001 -0.587785252292473 -0.7694208842938134 -1.4861401089256373e-16 -0.587785252292473 -0.8090169943749475
line
-0.2500000000000001 -0.587785252292473 -0.7694208842938134 -0.18163563200134034 -0.8090169943749473 -0.5590169943749476
line
-1.4861401089256373e-16 -0.587785252292473 -0.8090169943749475 0.24999999999999986 -0.587785252292473 -0.7694208842938134
line
-1.4861401089256373e-16 -0.587785252292473 -0.8090169943749475 -1.0797439917089951e-16 -0.8090169943749473 -0.5877852522924732
line
0.24999999999999986 -0.587785252292473 -0.7694208842938134 0.47552825814757665 -0.587785252292473 -0.6545084971874738
line
0.24999999999999986 -0.587785252292473 -0.7694208842938134 0.18163563200134014 -0.8090169943749473 -0.5590169943749476
line
0.47552825814757665 -0.587785252292473 -0.6545084971874738 0.6545084971874736 -0.587785252292473 -0.475528258147577
line
0.47552825814757665 -0.587785252292473 -0.6545084971874738 0.3454915028125262 -0.8090169943749473 -0.475528258147577
line
0.6545084971874736 -0.587785252292473 -0.475528258147577 0.7694208842938134 -0.587785252292473 -0.25000000000000017
line
0.6545084971874736 -0.587785252292473 -0.475528258147577 0.4755282581475768 -0.8090169943749473 -0.3454915028125265
line
0.7694208842938134 -0.587785252292473 -0.25000000000000017 0.8090169943749475 -0.587785252292473 -1.9815201452341832e-16
line
0.7694208842938134 -0.587785252292473 -0.25000000000000017 0.5590169943749476 -0.8090169943749473 -0.18163563200134036
line
0.5877852522924732 -0.8090169943749473 0.0 0.5590169943749476 -0.8090169943749473 0.18163563200134025
line
0.5877852522924732 -0.8090169943749473 0.0 0.3090169943749475 -0.9510565162951535 0.0
line
0.5590169943749476 -0.8090169943749473 0.18163563200134025 0.4755282581475769 -0.8090169943749473 0.3454915028125264
line
0.5590169943749476 -0.8090169943749473 0.18163563200134025 0.2938926261462366 -0.9510565162951535 0.0954915028125263
line
0.4755282581475769 -0.8090169943749473 0.3454915028125264 0.3454915028125264 -0.8090169943749473 0.4755282581475769
line
0.4755282581475769 -0.8090169943749473 0.3454915028125264 0.25000000000000006 -0.9510565162951535 0.18163563200134028
line
0.3454915028125264 -0.8090169943749473 0.4755282581475769 0.18163563200134028 -0.8090169943749473 0.5590169943749476
line
0.3454915028125264 -0.8090169943749473 0.4755282581475769 0.18163563200134028 -0.9510565162951535 0.25000000000000006
line
0.18163563200134028 -0.8090169943749473 0.5590169943749476 3.599146639029984e-17 -0.8090169943749473 0.5877852522924732
line
0.18163563200134028 -0.8090169943749473 0.5590169943749476 0.09549150281252632 -0.9510565162951535 0.2938926261462366
line
3.599146639029984e-17 -0.8090169943749473 0.5877852522924732 -0.1816356320013402 -0.8090169943749473 0.5590169943749476
line
3.599146639029984e-17 -0.8090169943749473 0.5877852522924732 1.8921833652170756e-17 -0.9510565162951535 0.3090169943749475
line
-0.1816356320013402 -0.8090169943749473 0.5590169943749476 -0.3454915028125263 -0.8090169943749473 0.4755282581475769
line
-0.1816356320013402 -0.8090169943749473 0.5590169943749476 -0.09549150281252629 -0.9510565162951535 0.2938926261462367
line
-0.3454915028125263 -0.8090169943749473 0.4755282581475769 -0.4755282581475768 -0.8090169943749473 0.34549150281252644
line
-0.3454915028125263 -0.8090169943749473 0.4755282581475769 -0.18163563200134022 -0.9510565162951535 0.25000000000000006
line
-0.4755282581475768 -0.8090169943749473 0.34549150281252644 -0.5590169943749476 -0.8090169943749473 0.1816356320013403
line
-0.4755282581475768 -0.8090169943749473 0.34549150281252644 -0.25000000000000006 -0.9510565162951535 0.1816356320013403
line
-0.5590169943749476 -0.8090169943749473 0.1816356320013403 -0.5877852522924732 -0.8090169943749473 7.198293278059968e-17
line
-0.5590169943749476 -0.8090169943749473 0.1816356320013403 -0.2938926261462366 -0.9510565162951535 0.09549150281252634
line
-0.5877852522924732 -0.8090169943749473 7.198293278059968e-17 -0.5590169943749476 -0.8090169943749473 -0.18163563200134045
line
-0.5877852522924732 -0.8090169943749473 7.198293278059968e-17 -0.3090169943749475 -0.9510565162951535 3.784366730434151e-17
line
-0.5590169943749476 -0.8090169943749473 -0.18163563200134045 -0.475528258147577 -0.8090169943749473 -0.3454915028125263
line
-0.5590169943749476 -0.8090169943749473 -0.18163563200134045 -0.2938926261462366 -0.9510565162951535 -0.09549150281252641
line
-0.475528258147577 -0.8090169943749473 -0.3454915028125263 -0.34549150281252644 -0.8090169943749473 -0.4755282581475768
line
-0.475528258147577 -0.8090169943749473 -0.3454915028125263 -0.2500000000000001 -0.9510565162951535 -0.18163563200134022
line
-0.34549150281252644 -0.8090169943749473 -0.4755282581475768 -0.18163563200134034 -0.8090169943749473 -0.5590169943749476
line
-0.34549150281252644 -0.8090169943749473 -0.4755282581475768 -0.1816356320013403 -0.9510565162951535 -0.25000000000000006
line
-0.18163563200134034 -0.8090169943749473 -0.5590169943749476 -1.0797439917089951e-16 -0.8090169943749473 -0.5877852522924732
line
-0.18163563200134034 -0.8090169943749473 -0.5590169943749476 -0.09549150281252636 -0.9510565162951535 -0.2938926261462366
line
-1.0797439917089951e-16 -0.8090169943749473 -0.5877852522924732 0.18163563200134014 -0.8090169943749473 -0.5590169943749476
line
-1.0797439917089951e-16 -0.8090169943749473 -0.5877852522924732 -5.676550095651227e-17 -0.9510565162951535 -0.3090169943749475
line
0.18163563200134014 -0.8090169943749473 -0.5590169943749476 0.3454915028125262 -0.8090169943749473 -0.475528258147577
line
0.18163563200134014 -0.8090169943749473 -0.5590169943749476 0.09549150281252625 -0.9510565162951535 -0.2938926261462367
line
0.3454915028125262 -0.8090169943749473 -0.475528258147577 0.4755282581475768 -0.8090169943749473 -0.3454915028125265
line
0.3454915028125262 -0.8090169943749473 -0.475528258147577 0.1816356320013402 -0.9510565162951535 -0.2500000000000001
line
0.4755282581475768 -0.8090169943749473 -0.3454915028125265 0.5590169943749476 -0.8090169943749473 -0.18163563200134036
line
0.4755282581475768 -0.8090169943749473 -0.3454915028125265 0.25000000000000006 -0.9510565162951535 -0.18163563200134034
line
0.5590169943749476 -0.8090169943749473 -0.18163563200134036 0.5877852522924732 -0.8090169943749473 -1.4396586556119935e-16
line
0.5590169943749476 -0.8090169943749473 -0.18163563200134036 0.2938926261462366 -0.9510565162951535 -0.09549150281252637
line
0.3090169943749475 -0.9510565162951535 0.0 0.2938926261462366 -0.9510565162951535 0.0954915028125263
line
0.3090169943749475 -0.9510565162951535 0.0 1.2246467991473532e-16 -1.0 0.0
line
0.2938926261462366 -0.9510565162951535 0.0954915028125263 0.25000000000000006 -0.9510565162951535 0.18163563200134028
line
0.2938926261462366 -0.9510565162951535 0.0954915028125263 1.1647083184890923e-16 -1.0 3.78436673043415e-17
line
0.25000000000000006 -0.9510565162951535 0.18163563200134028 0.18163563200134028 -0.9510565162951535 0.25000000000000006
line
0.25000000000000006 -0.9510565162951535 0.18163563200134028 9.907600726170916e-17 -1.0 7.198293278059966e-17
line
0.18163563200134028 -0.9510565162951535 0.25000000000000006 0.09549150281252632 -0.9510565162951535 0.2938926261462366
line
0.18163563200134028 -0.9510565162951535 0.25000000000000006 7.198293278059966e-17 -1.0 9.907600726170916e-17
line
0.09549150281252632 -0.9510565162951535 0.2938926261462366 1.8921833652170756e-17 -0.9510565162951535 0.3090169943749475
line
0.09549150281252632 -0.9510565162951535 0.2938926261462366 3.7843667304341506e-17 -1.0 1.1647083184890923e-16
line
1.8921833652170756e-17 -0.9510565162951535 0.3090169943749475 -0.09549150281252629 -0.9510565162951535 0.2938926261462367
line
1.8921833652170756e-17 -0.9510565162951535 0.3090169943749475 7.498798913309288e-33 -1.0 1.2246467991473532e-16
line
-0.09549150281252629 -0.9510565162951535 0.2938926261462367 -0.18163563200134022 -0.9510565162951535 0.25000000000000006
line
-0.09549150281252629 -0.9510565162951535 0.2938926261462367 -3.7843667304341493e-17 -1.0 1.1647083184890926e-16
line
-0.18163563200134022 -0.9510565162951535 0.25000000000000006 -0.25000000000000006 -0.9510565162951535 0.1816356320013403
line
-0.18163563200134022 -0.9510565162951535 0.25000000000000006 -7.198293278059965e-17 -1.0 9.907600726170916e-17
line
-0.25000000000000006 -0.9510565162951535 0.1816356320013403 -0.2938926261462366 -0.9510565162951535 0.09549150281252634
line
-0.25000000000000006 -0.9510565162951535 0.1816356320013403 -9.907600726170915e-17 -1.0 7.198293278059968e-17
line
-0.2938926261462366 -0.9510565162951535 0.09549150281252634 -0.3090169943749475 -0.9510565162951535 3.784366730434151e-17
line
-0.2938926261462366 -0.9510565162951535 0.09549150281252634 -1.1647083184890923e-16 -1.0 3.784366730434151e-17
line
-0.3090169943749475 -0.9510565162951535 3.784366730434151e-17 -0.2938926261462366 -0.9510565162951535 -0.09549150281252641
line
-0.3090169943749475 -0.9510565162951535 3.784366730434151e-17 -1.2246467991473532e-16 -1.0 1.4997597826618576e-32
line
-0.2938926261462366 -0.9510565162951535 -0.09549150281252641 -0.2500000000000001 -0.9510565162951535 -0.18163563200134022
line
-0.2938926261462366 -0.9510565162951535 -0.09549150281252641 -1.1647083184890923e-16 -1.0 -3.7843667304341536e-17
line
-0.2500000000000001 -0.9510565162951535 -0.18163563200134022 -0.1816356320013403 -0.9510565162951535 -0.25000000000000006
line
-0.2500000000000001 -0.9510565162951535 -0.18163563200134022 -9.907600726170918e-17 -1.0 -7.198293278059965e-17
line
-0.1816356320013403 -0.9510565162951535 -0.25000000000000006 -0.09549150281252636 -0.9510565162951535 -0.2938926261462366
line
-0.1816356320013403 -0.9510565162951535 -0.25000000000000006 -7.198293278059968e-17 -1.0 -9.907600726170915e-17
line
-0.09549150281252636 -0.9510565162951535 -0.2938926261462366 -5.676550095651227e-17 -0.9510565162951535 -0.3090169943749475
line
-0.09549150281252636 -0.9510565162951535 -0.2938926261462366 -3.784366730434152e-17 -1.0 -1.1647083184890923e-16
line
-5.676550095651227e-17 -0.9510565162951535 -0.3090169943749475 0.09549150281252625 -0.9510565162951535 -0.2938926261462367
line
-5.676550095651227e-17 -0.9510565162951535 -0.3090169943749475 -2.2496396739927864e-32 -1.0 -1.2246467991473532e-16
line
0.09549150281252625 -0.9510565162951535 -0.2938926261462367 0.1816356320013402 -0.9510565162951535 -0.2500000000000001
line
0.09549150281252625 -0.9510565162951535 -0.2938926261462367 3.7843667304341475e-17 -1.0 -1.1647083184890926e-16
line
0.1816356320013402 -0.9510565162951535 -0.2500000000000001 0.25000000000000006 -0.9510565162951535 -0.18163563200134034
line
0.1816356320013402 -0.9510565162951535 -0.2500000000000001 7.198293278059964e-17 -1.0 -9.907600726170918e-17
line
0.25000000000000006 -0.9510565162951535 -0.18163563200134034 0.2938926261462366 -0.9510565162951535 -0.09549150281252637
line
0.25000000000000006 -0.9510565162951535 -0.18163563200134034 9.907600726170915e-17 -1.0 -7.19829327805997e-17
line
0.2938926261462366 -0.9510565162951535 -0.09549150281252637 0.3090169943749475 -0.9510565162951535 -7.568733460868302e-17
line
0.2938926261462366 -0.9510565162951535 -0.09549150281252637 1.1647083184890923e-16 -1.0 -3.7843667304341524e-17
scale
180 180 180
rotate
x 30
rotate
y 12
project
250
apply
save
this.ppm